Time,Sensor 0(F),Sensor 1(F),Sensor 2(F),Sensor 3(F),Ambient
1636125827,66.02,65.84,,64.58,50.0
1636125830,66.02,65.84,,64.58,50.0
1636125834,65.84,65.84,,64.58,50.0
1636125838,66.20,66.02,,64.76,50.0
1636125842,66.02,65.84,,64.76,50.0
1636125846,66.02,66.02,,64.58,50.0
1636125850,66.20,65.84,,64.76,50.0
1636125855,66.02,65.84,,64.76,50.0
1636125859,66.02,66.02,,64.76,50.0
1636125863,66.02,66.02,,64.58,50.0
1636125867,66.02,65.84,,64.58,50.0
1636125871,66.02,65.84,,64.58,50.0
1636125875,66.02,65.84,,64.58,50.0
1636125879,66.20,66.02,,64.58,50.0
1636125882,66.02,65.84,,64.76,50.0
1636125886,66.02,66.02,,64.58,50.0
1636125890,66.20,65.84,,64.76,50.0
1636125894,66.20,65.84,,64.76,50.0
1636125899,66.20,65.84,,64.58,50.0
1636125903,66.20,65.84,,64.58,50.0
1636125906,66.20,65.84,,64.58,50.0
1636125910,66.02,65.84,,64.58,50.0
1636125913,66.02,66.02,,64.58,50.0
1636125917,66.20,66.02,,64.58,50.0
1636125920,66.02,65.84,,64.58,50.0
1636125924,66.02,65.84,,64.58,50.0
1636125928,66.02,65.84,,64.76,50.0
1636125931,66.02,66.02,,64.76,50.0
1636125934,66.20,66.02,,64.58,50.0
1636125938,66.02,66.02,,64.58,50.0
1636125942,66.02,66.02,,64.58,50.0
1636125945,66.20,66.02,,64.76,50.0
1636125949,66.02,66.02,,64.76,50.0
1636125953,66.20,66.02,,64.76,50.0
1636125957,66.20,66.02,,64.76,50.0
1636125961,66.20,66.02,,64.76,50.0
1636125964,66.02,66.02,,64.76,50.0
1636125968,66.20,66.02,,64.76,50.0
1636125972,66.02,66.02,,64.58,50.0
1636125975,66.02,66.02,,64.58,50.0
1636125979,66.20,66.02,,64.76,50.0
1636125983,66.20,66.02,,64.76,50.0
1636125986,66.20,66.02,,64.76,50.0
1636125990,66.20,66.02,,64.76,50.0
1636125993,66.20,66.02,,64.76,50.0
1636125997,66.20,66.02,,64.76,50.0
1636126000,66.02,66.02,,64.58,50.0
1636126004,66.02,66.02,,64.76,50.0
1636126007,66.20,66.02,,64.58,50.0
1636126011,66.20,66.02,,64.58,50.0
1636126014,66.20,66.02,,64.58,50.0
1636126018,66.20,66.02,,64.76,50.0
1636126022,66.20,66.02,,64.76,50.0
1636126025,66.20,66.02,,64.58,50.0
1636126029,66.20,66.02,,64.58,50.0
1636126032,66.20,66.02,,64.76,50.0
1636126036,66.20,66.20,,64.76,50.0
1636126040,66.20,66.02,,64.58,50.0
1636126043,66.20,66.20,,64.58,50.0
1636126047,66.20,66.02,,64.58,50.0
1636126050,66.20,66.02,,64.58,50.0
1636126054,66.20,66.02,,64.58,50.0
1636126058,66.20,66.02,,64.58,50.0
1636126061,66.20,66.02,,64.58,50.0
1636126065,66.20,66.02,,64.76,50.0
1636126068,66.20,66.02,,64.58,49.1
1636126072,66.20,66.02,,64.58,49.1
1636126075,66.20,66.02,,64.58,49.1
1636126079,66.20,66.02,,64.58,49.1
1636126083,66.20,66.20,,64.58,49.1
1636126086,66.20,66.02,,64.58,49.1
1636126090,66.20,66.02,,64.58,49.1
1636126093,66.20,66.02,,64.76,49.1
1636126097,66.20,66.02,,64.58,49.1
1636126100,66.20,66.02,,64.58,49.1
1636126104,66.20,66.02,,64.58,49.1
1636126107,66.20,66.02,,64.58,49.1
1636126111,66.20,66.02,,64.76,49.1
1636126115,66.20,66.02,,64.76,49.1
1636126118,66.20,66.20,,64.58,49.1
1636126122,66.02,66.20,,64.58,49.1
1636126125,66.20,66.02,,64.58,49.1
1636126129,66.20,66.20,,64.58,49.1
1636126133,66.20,66.02,,64.76,49.1
1636126136,66.02,66.02,,64.40,49.1
1636126140,66.02,66.02,,64.58,49.1
1636126144,66.20,66.02,,64.58,49.1
1636126147,66.02,66.02,,64.58,49.1
1636126151,66.20,66.02,,64.40,49.1
1636126154,66.20,66.02,,64.58,49.1
1636126158,66.20,66.02,,64.58,49.1
1636126162,66.02,66.02,,64.58,49.1
1636126166,66.20,66.02,,64.58,49.1
1636126170,66.02,66.02,,64.58,49.1
1636126173,66.20,66.02,,64.58,50.0
1636126177,66.20,66.02,,64.58,49.1
1636126181,66.20,66.02,,64.58,50.0
1636126184,66.20,66.02,,64.58,50.0
1636126188,66.20,66.02,,64.58,50.0
1636126191,66.02,66.02,,64.58,50.0
1636126195,66.20,66.02,,64.58,50.0
1636126198,66.20,66.02,,64.58,50.0
1636126202,66.20,66.02,,64.58,50.0
1636126205,66.20,66.02,,64.40,50.0
1636126209,66.20,66.02,,64.40,50.0
1636126213,66.20,66.20,,64.58,50.0
1636126216,66.02,66.02,,64.40,50.0
1636126220,66.02,66.02,,64.58,50.0
1636126223,66.02,66.02,,64.58,50.0
1636126227,66.20,66.02,,64.58,50.0
1636126231,66.02,66.02,,64.58,50.0
1636126235,66.20,66.02,,64.58,50.0
1636126238,66.02,66.02,,64.40,50.0
1636126242,66.02,66.02,,64.40,50.0
1636126245,66.02,66.02,,64.58,50.0
1636126249,66.20,65.84,,64.58,50.0
1636126253,66.02,66.02,,64.58,50.0
1636126257,66.20,66.02,,64.58,50.0
1636126260,66.02,66.02,,64.58,50.0
1636126264,66.20,66.02,,64.58,50.0
1636126268,66.02,66.02,,64.40,50.0
1636126271,66.20,66.02,,64.40,50.0
1636126275,66.02,66.02,,64.40,50.0
1636126278,66.02,66.02,,64.58,50.0
1636126282,66.02,66.02,,64.58,50.0
1636126285,66.20,66.02,,64.58,50.0
1636126289,66.20,66.02,,64.40,50.9
1636126293,66.02,66.02,,64.58,50.9
1636126296,66.20,66.02,,64.40,50.9
1636126300,66.20,65.84,,64.58,50.9
1636126303,66.02,65.84,,64.40,50.9
1636126307,66.20,66.02,,64.58,50.9
1636126310,66.20,66.02,,64.40,50.9
1636126314,66.20,66.02,,64.58,50.9
1636126317,66.20,66.02,,64.40,50.9
1636126321,66.02,66.02,,64.40,50.9
1636126325,66.20,66.02,,64.40,50.9
1636126328,66.20,66.02,,64.58,50.9
1636126332,66.20,66.02,,64.58,50.9
1636126336,66.20,66.02,,64.58,50.9
1636126339,66.02,66.02,,64.40,50.9
1636126343,66.20,66.02,,64.58,51.8
1636126346,66.20,65.84,,64.58,51.8
1636126350,66.20,66.02,,64.40,51.8
1636126354,66.20,66.02,,64.40,51.8
1636126358,66.20,66.02,,64.40,51.8
1636126363,66.20,66.02,,64.40,51.8
1636126367,66.02,66.02,,64.40,51.8
1636126371,66.20,66.02,,64.40,51.8
1636126374,66.20,66.02,,64.58,51.8
1636126378,66.20,66.02,,64.58,51.8
1636126381,66.38,66.02,,64.40,51.8
1636126385,66.20,66.02,,64.58,51.8
1636126389,66.20,66.02,,64.58,51.8
1636126393,66.20,66.02,,64.58,51.8
1636126397,66.38,66.02,,64.58,51.8
1636126400,66.38,66.02,,64.58,51.8
1636126404,66.20,66.02,,64.58,51.8
1636126408,66.20,66.02,,64.58,51.8
1636126412,66.38,66.02,,64.58,51.8
1636126416,66.38,66.02,,64.58,51.8
1636126419,66.38,66.02,,64.58,51.8
1636126423,66.38,65.84,,64.58,51.8
1636126427,66.38,66.02,,64.58,51.8
1636126431,66.20,66.02,,64.58,51.8
1636126435,66.38,66.02,,64.58,51.8
1636126438,66.20,66.02,,64.58,51.8
1636126442,66.20,66.02,,64.58,51.8
1636126446,66.38,66.20,,64.58,51.8
1636126449,66.38,66.02,,64.58,51.8
1636126453,66.20,66.02,,64.58,51.8
1636126457,66.38,66.02,,64.58,51.8
1636126461,66.20,66.02,,64.58,51.8
1636126465,66.38,66.02,,64.58,51.8
1636126468,66.38,66.02,,64.76,51.8
1636126472,66.38,66.02,,64.58,50.9
1636126476,66.56,66.02,,64.76,50.9
1636126479,66.56,66.02,,64.58,50.9
1636126483,66.38,66.02,,64.58,50.9
1636126487,66.56,66.20,,64.58,50.9
1636126490,66.38,66.02,,64.58,50.9
1636126494,66.38,66.02,,64.58,50.9
1636126498,66.38,66.02,,64.76,50.9
1636126503,66.38,66.20,,64.58,50.9
1636126509,66.38,66.20,,64.58,50.9
1636126514,66.56,66.02,,64.58,50.9
1636126518,66.38,66.02,,64.58,50.9
1636126522,66.56,66.20,,64.58,50.9
1636126526,66.38,66.20,,64.58,50.9
1636126531,66.38,66.02,,64.76,50.9
1639848097,59.82,59.82,,59.82,59.0
1639848102,59.82,59.82,,59.65,59.0
1639848107,59.82,59.82,,59.65,59.0
1639848112,59.82,59.98,,59.65,59.0
1639848116,59.98,59.98,,59.65,59.0
1639848120,59.82,59.98,,59.65,59.0
1639848124,59.98,59.82,,59.65,59.0
1639848128,59.98,59.82,,59.82,59.0
1639848131,59.98,59.82,,59.65,59.0
1639848135,59.82,59.98,,59.65,59.0
1639848140,59.98,59.82,,59.65,59.0
1639848144,59.98,59.98,,59.65,59.0
1639848149,59.98,59.98,,59.82,59.0
1639848154,59.98,59.82,,59.82,59.0
1639848158,59.98,59.82,,59.65,59.0
1639848162,59.98,59.98,,59.82,59.0
1639848167,59.98,59.98,,59.82,59.0
1639848172,59.98,59.98,,59.82,59.0
1642090111,60.98,60.80,,60.64,48.2
1642090117,60.98,60.98,,60.64,48.2
1642090121,61.16,60.80,,60.80,48.2
1642090125,60.98,60.80,,60.47,48.2
1642090128,60.98,60.98,,60.80,48.2
1642090132,61.16,60.98,,60.64,48.2
1642090136,61.16,60.98,,60.64,48.2
1642090139,60.98,60.98,,60.64,48.2
1642090144,60.98,60.98,,60.64,48.2
1642090149,60.98,60.98,,60.64,48.2
1642090154,60.98,60.98,,60.64,48.2
1642090158,61.16,60.80,,60.64,48.2
1642090162,60.98,61.16,,60.64,48.2
1642090165,60.98,60.80,,60.64,47.3
1642090169,60.98,60.80,,60.64,47.3
1642090172,60.98,60.80,,60.47,47.3
1642090176,60.98,60.98,,60.64,47.3
1642090179,60.98,60.98,,60.64,47.3
1642090183,61.16,60.80,,60.64,47.3
1642090186,60.98,61.16,,60.64,47.3
1642090190,60.98,60.80,,60.47,47.3
1642090193,61.16,60.98,,60.64,47.3
1642090197,61.16,60.98,,60.64,47.3
1642090200,60.98,60.98,,60.47,47.3
1642090204,60.98,60.80,,60.64,47.3
1642090207,60.98,60.98,,60.47,46.4
1642090211,60.98,60.80,,60.47,46.4
1642090214,60.98,60.80,,60.47,46.4
1642090218,60.98,60.98,,60.64,46.4
1642090221,60.98,60.98,,60.64,46.4
1642090225,60.98,60.80,,60.64,46.4
1642090228,60.98,60.98,,60.47,46.4
1642090231,60.98,60.80,,60.47,46.4
1642090235,60.80,60.98,,60.47,46.4
1642090238,60.98,60.80,,60.47,46.4
1642090242,60.98,60.80,,60.47,46.4
1642090245,60.98,60.98,,60.64,46.4
1642090249,60.98,60.98,,60.64,46.4
1642090252,60.80,60.80,,60.47,46.4
1642090256,60.98,60.80,,60.64,45.5
1642090260,60.98,60.98,,60.47,45.5
1642090263,60.98,60.80,,60.47,45.5
1642090267,60.98,60.80,,60.47,45.5
1642090270,60.98,60.98,,60.47,45.5
1642090275,60.98,60.98,,60.47,45.5
1642090279,60.98,60.80,,60.47,45.5
1642090283,60.98,60.80,,60.47,45.5
1642090286,60.80,60.80,,60.47,45.5
1642090291,60.98,60.80,,60.31,45.5
1642090296,60.80,60.80,,60.31,45.5
1642090301,60.80,60.98,,60.47,45.5
1642090306,60.80,60.80,,60.31,45.5
1642090309,60.80,60.80,,60.47,45.5
1642090313,60.64,60.98,,60.31,45.5
1643299334,60.15,60.15,,59.82,59.0
1643299341,60.15,60.15,,59.98,59.0
1643299346,60.47,60.15,,59.98,58.1
1643299351,60.31,60.15,,59.98,58.1
1643299355,60.31,60.31,,59.98,58.1
1643299359,60.31,60.15,,59.98,58.1
1643299362,60.47,60.31,,59.98,58.1
1643299366,60.47,60.31,,59.98,58.1
1643299369,60.47,60.31,,59.98,58.1
1643299373,60.31,60.15,,59.82,58.1
1643299377,60.31,60.31,,59.98,57.2
1643299381,60.47,60.31,,59.98,57.2
1643299384,60.31,60.15,,59.98,57.2
1643299388,60.31,60.15,,60.15,57.2
1643299392,60.47,60.31,,59.98,57.2
1643299397,60.47,60.15,,59.98,57.2
1643299400,60.31,60.31,,60.15,56.3
1643299404,60.31,60.15,,59.98,56.3
1643299408,60.31,60.31,,59.98,56.3
1643299412,60.31,60.15,,59.98,56.3
1643299416,60.31,60.31,,59.98,56.3
1643299421,60.47,60.31,,60.15,55.4
1643299425,60.31,60.31,,59.98,55.4
1643299429,60.31,60.31,,59.98,55.4
1643299432,60.31,60.31,,60.15,55.4
1643299436,60.31,60.31,,60.15,55.4
1643299440,60.31,60.31,,60.15,54.5
1643299444,60.31,60.31,,60.15,54.5
1643299448,60.31,60.31,,60.15,54.5
1643299452,60.31,60.31,,59.98,54.5
1643299455,60.47,60.31,,59.98,53.6
1643299459,60.47,60.47,,60.15,53.6
1643299463,60.31,60.31,,60.15,53.6
1643299466,60.31,60.31,,60.15,52.7
1643299470,60.47,60.31,,60.15,52.7
1643299473,60.31,60.31,,60.15,52.7
1643299477,60.47,60.47,,60.15,51.8
1643299480,60.47,60.31,,60.15,51.8
1643299484,60.31,60.31,,60.15,51.8
1643299488,60.47,60.31,,59.98,50.9
1643299491,60.47,60.31,,60.15,50.9
1643299495,60.31,60.31,,60.15,50.9
1643299499,60.31,60.31,,60.15,50.9
1643299502,60.31,60.31,,60.15,50.0
1643299506,60.31,60.31,,60.15,50.0
1643299509,60.31,60.47,,60.15,50.0
1643299513,60.47,60.31,,60.15,50.0
1643299516,60.47,60.31,,60.15,50.0
1643299520,60.47,60.31,,60.15,49.1
1643299523,60.15,60.31,,60.15,49.1
1643299527,60.31,60.31,,60.15,49.1
1643299531,60.31,60.31,,60.15,49.1
1643299534,60.31,60.31,,60.15,49.1
1643299538,60.31,60.31,,60.15,49.1
1643299541,60.31,60.31,,59.98,48.2
1643299545,60.31,60.31,,59.98,48.2
1643299548,60.31,60.31,,59.98,48.2
1643299552,60.15,60.31,,60.15,48.2
1643299555,60.15,60.31,,60.15,48.2
1643299559,60.31,60.31,,60.15,48.2
1643299562,60.31,60.31,,60.15,48.2
1643299566,60.31,60.31,,60.15,48.2
1643299569,60.15,60.31,,60.15,48.2
1643299573,60.15,60.31,,59.98,48.2
1643299578,60.15,60.31,,60.15,48.2
1643299582,60.31,60.31,,59.98,48.2
1643299585,60.15,60.31,,60.15,48.2
1643299589,60.15,60.31,,59.98,48.2
1643299593,60.31,60.31,,60.15,48.2
1643299596,60.15,60.31,,60.15,48.2
1643299600,60.31,60.15,,60.15,48.2
1643299603,60.15,60.31,,60.15,48.2
1643299607,60.15,60.31,,59.98,48.2
1643299610,60.15,60.15,,60.15,48.2
1643299614,60.15,60.15,,60.15,48.2
1643299618,60.31,60.31,,59.98,48.2
1643299621,60.15,60.31,,59.98,48.2
1643299625,60.15,60.15,,60.15,48.2
1643299629,60.31,60.15,,60.15,48.2
1643299632,60.31,60.31,,59.98,48.2
1643299636,60.15,60.31,,59.98,48.2
1643299639,60.31,60.15,,60.15,48.2
1643299643,60.31,60.15,,59.98,48.2
1643299646,60.15,60.31,,60.15,48.2
1643299650,60.15,60.15,,59.98,48.2
1643299654,60.31,60.31,,59.98,48.2
1643299657,60.15,60.31,,59.98,48.2
1643299661,60.31,60.31,,59.98,48.2
1643299665,59.98,60.31,,59.98,48.2
1643299669,60.15,60.31,,59.98,48.2
1643299672,60.15,60.31,,59.98,48.2
1643299676,60.15,60.31,,60.15,48.2
1643299679,60.15,60.15,,59.98,48.2
1643299683,60.15,60.15,,59.98,48.2
1643299687,60.15,60.15,,59.98,48.2
1643299690,60.15,60.15,,60.15,48.2
1643299694,60.15,60.31,,59.98,48.2
1643299698,60.15,60.31,,59.98,48.2
1643299701,60.15,60.31,,60.15,48.2
1643299705,60.15,60.31,,59.98,48.2
1643299708,60.15,60.31,,59.98,49.1
1643299712,59.98,60.31,,59.98,49.1
1643299716,60.15,60.31,,60.15,49.1
1643299719,60.15,60.31,,60.15,49.1
1643299723,60.15,60.31,,59.98,49.1
1643299726,59.98,60.31,,59.98,48.2
1643299730,59.98,60.31,,60.15,49.1
1643299733,59.98,60.31,,60.15,49.1
1643299737,59.98,60.31,,59.98,48.2
1643299741,60.15,60.31,,60.15,48.2
1643299744,59.98,60.15,,59.98,48.2
1643299748,59.98,60.31,,59.98,48.2
1643299752,59.98,60.31,,59.98,48.2
1643299756,59.98,60.31,,59.98,48.2
1643299759,59.98,60.31,,59.98,48.2
1643299763,59.98,60.31,,59.98,48.2
1643299767,59.98,60.31,,59.98,48.2
1643299771,60.15,60.15,,59.98,48.2
1643299775,60.15,60.31,,59.98,48.2
1643299779,59.98,60.15,,59.98,48.2
1643299782,59.98,60.31,,59.98,48.2
1643299786,59.98,60.15,,60.15,48.2
1643299789,59.98,60.15,,59.98,48.2
1643299793,60.15,60.31,,59.98,47.3
1643299797,60.15,60.31,,59.98,47.3
1643299800,59.98,60.15,,59.98,47.3
1643299804,60.15,60.31,,59.98,47.3
1643299808,59.82,60.31,,59.98,47.3
1643299812,59.98,60.31,,59.98,47.3
1643299815,59.98,60.31,,59.98,47.3
1643299819,60.15,60.15,,59.82,47.3
1643299822,59.98,60.15,,59.98,47.3
1643299826,59.98,60.15,,59.98,47.3
1643299829,60.15,60.31,,59.82,46.4
1643299833,59.98,60.31,,59.82,46.4
1643299837,60.15,60.15,,59.82,46.4
1643299840,59.98,60.31,,59.82,46.4
1643299844,59.98,60.31,,59.82,46.4
1643299848,59.82,60.31,,59.98,46.4
1643299851,59.98,60.15,,59.82,45.5
1643299855,59.98,60.15,,59.82,45.5
1643299859,60.15,60.15,,59.82,45.5
1643299862,59.98,60.15,,59.98,45.5
1643299866,60.15,60.15,,59.82,45.5
1643299869,60.15,60.15,,59.98,45.5
1643299873,60.15,60.15,,59.98,45.5
1643299877,59.98,60.31,,59.82,45.5
1643299880,59.98,60.31,,59.82,45.5
1643299884,59.98,60.31,,59.82,45.5
1643299887,60.15,60.15,,59.98,44.6
1643299891,59.98,60.31,,59.82,44.6
1643299894,59.98,60.15,,59.82,44.6
1643299898,59.82,60.15,,59.82,44.6
1643299902,59.98,60.15,,59.82,44.6
1643299906,59.98,60.15,,59.82,44.6
1643299909,59.98,60.31,,59.82,44.6
1643299915,60.15,60.15,,59.82,44.6
